ISS (ZARYA)             
1 25544U 98067A   18339.23082958  .00000434  00000-0  13858-4 0  9991
2 25544  51.6401 246.3406 0005050 115.0127  33.8546 15.54050758145112
TIANGONG-2              
1 41765U 16057A   18338.90491898  .00003365  00000-0  44838-4 0  9991
2 41765  42.7854  44.8716 0007905 352.7872 343.5627 15.60128798126679
BANXING-2               
1 41834U 16057H   18339.09993692  .00031063  00000-0  12298-3 0  9998
2 41834  42.7791 323.7654 0011734 109.5885 337.1967 15.86018197121662
ITF-2                   
1 41932U 98067KU  18338.59128043  .00198408  27557-4  38700-3 0  9995
2 41932  51.6225 171.9724 0004737 202.3359 157.7445 15.99794957107789
LEMUR-2-REDFERN-GOES    
1 42059U 98067LA  18339.01149047  .06489327  12347-4  60049-3 0  9992
2 42059  51.6164 167.8673 0006595 274.6680  85.3593 16.37893608100365
HAVELSAT                
1 42700U 98067LH  18338.98335097  .00057154  00000-0  22911-3 0  9990
2 42700  51.6252 193.5995 0005463 182.9947 177.1025 15.85905069 88978
CXBN-2                  
1 42704U 98067LM  18338.99460221  .00053156  00000-0  21910-3 0  9999
2 42704  51.6284 195.2394 0004193 162.2666 197.8484 15.85366472 88873
PHOENIX                 
1 42706U 98067LP  18338.99573335  .00028526  00000-0  16609-3 0  9994
2 42706  51.6281 200.5634 0002967 136.4299 223.6936 15.78215478 88793
X-CUBESAT               
1 42707U 98067LQ  18338.88219100  .00081802  00000-0  27680-3 0  9997
2 42707  51.6252 192.0631 0004370 176.1277 183.9763 15.89211977 88889
QBEE50-LTU-OC           
1 42708U 98067LR  18338.94497580  .00057512  00000-0  23398-3 0  9998
2 42708  51.6261 194.8667 0003750 173.2942 186.8113 15.85607566 88810
ALTAIR PATHFINDER       
1 42711U 98067LS  18339.18770258  .00014518  00000-0  12361-3 0  9992
2 42711  51.6336 214.7238 0004589 116.7172 243.4296 15.69840530 88286
SHARC                   
1 42712U 98067LT  18339.18952243  .00036878  00000-0  25139-3 0  9999
2 42712  51.6346 214.0415 0004163 136.7830 223.3497 15.74473914 88531
ZA-AEROSAT              
1 42713U 98067LU  18338.99284987  .00030002  00000-0  18710-3 0  9991
2 42713  51.6342 205.0658 0003730 130.7671 229.3653 15.76631243 88390
CSUNSAT 1               
1 42715U 98067LW  18339.02460408  .00033785  00000-0  19479-3 0  9996
2 42715  51.6323 203.0361 0004661 132.9718 227.1675 15.78333297 88424
SPACECUBE               
1 42717U 98067LY  18338.98763922  .00053470  00000-0  22047-3 0  9997
2 42717  51.6215 195.0591 0004996 180.4003 179.6997 15.85351629 87892
HOOPOE                  
1 42718U 98067LZ  18338.99195051  .00252865  38911-4  41789-3 0  9990
2 42718  51.6195 184.4213 0006044 213.8671 146.1955 16.02562516 88030
NJUST-1                 
1 42722U 98067MB  18339.08888800  .00029781  00000-0  20241-3 0  9990
2 42722  51.6354 207.7461 0005581 147.0854 335.1408 15.74647847 87437
UNSW-ECO                
1 42723U 98067MC  18337.56119802  .13780986  12541-4  29133-3 0  9992
2 42723  51.6259 187.6942 0006339 249.0867 110.9484 16.46458799 87542
LILACSAT-1              
1 42725U 98067ME  18339.01451144  .00056033  00000-0  27699-3 0  9997
2 42725  51.6352 200.3992 0006518 162.6334 338.6144 15.81471401 87437
NSIGHT-1                
1 42726U 98067MF  18339.07934109  .00006876  00000-0  74103-4 0  9994
2 42726  51.6378 223.8882 0005771 146.5075 213.6286 15.64995074 87131
SNUSAT-1                
1 42727U 98067MG  18339.07364335  .00039995  00000-0  20179-3 0  9994
2 42727  51.6301 200.2462 0006355 145.9522 214.1889 15.81179309 87409
I-INSPIRE II            
1 42731U 98067ML  18328.65367517  .20606057  12514-4  45736-3 0  9990
2 42731  51.6195 233.0809 0005495 228.6465 131.7518 16.46306360 85922
POLYITAN-2-SAU          
1 42732U 98067MM  18338.98438403  .00078889  00000-0  27246-3 0  9994
2 42732  51.6273 192.8222 0005589 157.4864 202.6387 15.88808235 87384
SNUSAT-1B               
1 42733U 98067MN  18338.97893884  .00049378  00000-0  22409-3 0  9999
2 42733  51.6269 198.1064 0005991 144.9450 215.1948 15.83362443 87318
BEEAGLESAT              
1 42736U 98067MR  18339.03833137  .00035315  00000-0  19598-3 0  9996
2 42736  51.6306 202.3170 0006393 158.2515 201.8759 15.79149030 87329
ASTERIA                 
1 43020U 98067NH  18339.11389191  .00014114  00000-0  15434-3 0  9997
2 43020  51.6418 233.2103 0003145 102.6807 257.4540 15.63602017 59199
DELLINGR (RBLE)         
1 43021U 98067NJ  18339.12647236  .00006264  00000-0  82498-4 0  9998
2 43021  51.6393 237.7330 0003168  90.9110 269.2246 15.59903978 59137
OSIRIS-3U               
1 43027U 98067NL  18339.16994627  .00055741  00000-0  31174-3 0  9995
2 43027  51.6359 217.6335 0004926 133.9226 226.2183 15.78779907 59289
1KUNS-PF                
1 43466U 98067NP  18339.10409403  .00010991  00000-0  14106-3 0  9993
2 43466  51.6393 242.0740 0001654  99.5048 260.6132 15.59687334 32334
UBAKUSAT                
1 43467U 98067NQ  18339.10106247  .00007567  00000-0  10350-3 0  9996
2 43467  51.6387 242.8033 0003307  65.0507 295.0829 15.58524863 32337
BATSU-CS1 (IRAZU)       
1 43468U 98067NR  18338.92213578  .00013792  00000-0  16960-3 0  9992
2 43468  51.6390 242.3579 0001634 102.6745 257.4431 15.60568832132301
SOYUZ-MS 09             
1 43493U 18051A   18338.20250748  .00001600  00000-0  31516-4 0  9996
2 43493  51.6396 251.4641 0005143 112.2696  39.7679 15.54053511 28111
PROGRESS-MS 09          
1 43537U 18058A   18338.20250748  .00001600  00000-0  31516-4 0  9992
2 43537  51.6396 251.4641 0005143 112.2696  39.7679 15.54053511 22901
CUBERRT                 
1 43546U 98067NU  18339.13808551  .00016207  00000-0  21694-3 0  9998
2 43546  51.6390 244.5421 0006794 114.8930 245.2769 15.58145978 22442
TEMPEST-D               
1 43547U 98067NV  18339.14137443  .00002995  00000-0  49345-4 0  9998
2 43547  51.6391 245.3089 0006771 109.9308 250.2413 15.55896811 22114
RAINCUBE                
1 43548U 98067NW  18338.78469440  .00008503  00000-0  12203-3 0  9996
2 43548  51.6390 246.6779 0006844 118.4977 241.6704 15.57016944 22516
HALOSAT                 
1 43549U 98067NX  18338.91355009  .00009082  00000-0  12976-3 0  9997
2 43549  51.6392 246.0399 0006761 120.8353 239.3305 15.57040885 22099
1998-067NY              
1 43550U 98067NY  18338.78936258  .00013511  00000-0  18049-3 0  9994
2 43550  51.6378 245.9548 0005878 130.7024 229.4480 15.58376421 22545
ENDUROSAT ONE           
1 43551U 98067NZ  18338.74535152  .00010874  00000-0  15053-3 0  9990
2 43551  51.6389 246.4142 0007319 126.1755 233.9915 15.57654250 22480
EQUISAT                 
1 43552U 98067PA  18338.88801534  .00008845  00000-0  12541-3 0  9990
2 43552  51.6389 245.8694 0007490 126.9297 233.2382 15.57285488 22467
1998-067PB              
1 43553U 98067PB  18338.83884884  .00006893  00000-0  10063-3 0  9993
2 43553  51.6400 246.2972 0007563 127.4575 232.7106 15.56906708 22509
1998-067PC              
1 43554U 98067PC  18339.12464922  .00009051  00000-0  12595-3 0  9995
2 43554  51.6389 244.4490 0007517 128.0773 232.0898 15.57758549 22080
AEROCUBE 12A            
1 43556U 18046C   18338.88655519  .00001010  00000-0  49171-4 0  9990
2 43556  51.6436 275.4458 0009147  89.3764 270.8264 15.28078490 21616
AEROCUBE 12B            
1 43557U 18046D   18338.95402498  .00000951  00000-0  47104-4 0  9992
2 43557  51.6437 275.1453 0009128  89.7278 270.4747 15.28027163 21571
LEMUR-2-VU              
1 43558U 18046E   18338.86795816  .00001460  00000-0  64719-4 0  9999
2 43558  51.6416 275.3283 0008724  89.9728 270.2251 15.28409713 21602
LEMUR-2-ALEXANDER       
1 43559U 18046F   18338.86740722  .00001542  00000-0  67616-4 0  9996
2 43559  51.6419 275.3246 0008714  89.8647 270.3331 15.28416762 21380
LEMUR-2-TOMHENDERSON    
1 43560U 18046G   18338.87040257  .00001439  00000-0  64012-4 0  9997
2 43560  51.6416 275.3404 0009045 102.4540 257.7452 15.28384666 21602
LEMUR-2-YUASA           
1 43561U 18046H   18338.86929850  .00001646  00000-0  71326-4 0  9998
2 43561  51.6412 275.3338 0009110 102.6862 257.5137 15.28417399 21166
SIRIUSSAT-1             
1 43595U 98067PG  18339.15962357  .00008438  00000-0  12337-3 0  9990
2 43595  51.6389 245.4249 0004742  96.1584 263.9948 15.56528851 17342
SIRIUSSAT-2             
1 43596U 98067PH  18338.84898649  .00008540  00000-0  12551-3 0  9990
2 43596  51.6396 247.1114 0005409  96.6889 263.4718 15.56365980 17291
TANUSHA-3               
1 43597U 98067PJ  18339.15552625  .00010401  00000-0  14886-3 0  9999
2 43597  51.6378 245.3866 0004979 108.7785 251.3747 15.56814570 17345
1998-067PK              
1 43598U 98067PK  18339.15833487  .00010247  00000-0  14697-3 0  9996
2 43598  51.6380 245.4082 0005188 107.7542 252.4017 15.56775270 17348
1998-067PN              
1 43638U 98067PN  18338.84913739  .00005218  00000-0  82868-4 0  9993
2 43638  51.6393 247.8552 0003750  87.7143 272.4277 15.55174821  9202
1998-067PP              
1 43639U 98067PP  18339.16288261  .00007049  00000-0  10815-3 0  9991
2 43639  51.6393 246.2004 0006681  90.0740 270.1017 15.55498919  9264
STARS-ME                
1 43640U 98067PQ  18338.90780035  .00006070  00000-0  94557-4 0  9999
2 43640  51.6394 247.4973 0006696  86.9133 273.2625 15.55371555  9222
PROGRESS-MS 10          
1 43702U 18091A   18338.20250748  .00001600  00000-0  31516-4 0  9993
2 43702  51.6396 251.4641 0005143 112.2696  39.7679 15.54053511  2723
SL-4 R/B                
1 43703U 18091B   18323.44519886  .11731702  12555-4  31794-3 0  9999
2 43703  51.6391 324.2031 0009106  82.9652 277.2588 16.44932547   449
CYGNUS NG-10            
1 43704U 18092A   18338.20250748  .00001600  00000-0  31516-4 0  9996
2 43704  51.6396 251.4641 0005143 112.2696  39.7679 15.54053511  2624
2018-092B               
1 43705U 18092B   18332.38339838  .11699323  12403-4  28612-3 0  9991
2 43705  51.5918 275.0334 0009375 200.7890 159.3170 16.45397611  1789
OBJECT A                
1 43756U 18098A   18338.20250748  .00001600  00000-0  31516-4 0  9999
2 43756  51.6396 251.4641 0005143 112.2696  39.7679 15.54053511144954
OBJECT B                
1 43757U 18098B   18339.19522272  .01473338  12048-4  38877-3 0  9990
2 43757  51.6341 245.6318 0026296  97.2703 263.0589 16.26599550   281
